0.912524 0.261853 0.252231 0.822740 0.756647 0.616477 0.134637 0.735497 0.591589 0.957877 0.114528 0.573865 0.080718 0.042228 0.654552 0.691632 0.542476 0.181378 0.998420 0.021802 
0.463608 0.825903 0.822128 0.289221 0.045827 0.221250 0.966019 0.977019 0.538191 0.820262 0.193100 0.270986 0.408052 0.565603 0.834096 0.790677 0.262937 0.799113 0.100464 0.019449 
0.007922 0.194177 0.710628 0.432639 0.569348 0.320424 0.559602 0.767512 0.729019 0.892813 0.385269 0.722542 0.630280 0.836708 0.084260 0.389431 0.237375 0.720596 0.482417 0.243380 
0.052408 0.790312 0.463382 0.913760 0.184791 0.279172 0.649325 0.421854 0.482651 0.190396 0.165757 0.100894 0.490146 0.896305 0.869765 0.083468 0.366536 0.471107 0.961189 0.854420 
0.881311 0.591387 0.976755 0.409163 0.142117 0.273681 0.436312 0.439895 0.926398 0.888255 0.961902 0.080823 0.110113 0.106183 0.081972 0.076527 0.791830 0.023152 0.515794 0.782413 
0.095919 0.375062 0.577733 0.247422 0.314461 0.641425 0.853820 0.111842 0.295504 0.817250 0.862239 0.080726 0.089577 0.293061 0.158409 0.556413 0.223234 0.553234 0.459561 0.683865 
0.220890 0.129585 0.764633 0.863974 0.957584 0.793902 0.892466 0.806221 0.511030 0.134943 0.552814 0.835851 0.046012 0.719339 0.140234 0.679397 0.333853 0.878988 0.959243 0.791659 
0.282254 0.180467 0.464239 0.119827 0.208274 -0.121272 0.000000 0.000000 0.000000 0.000000 0.000000 0.000000 0.000000 0.000000 0.000000 0.000000 0.000000 0.000000 0.000000 0.000000 
0.000000 0.000000 0.000000 0.000000 0.000000 0.000000 0.000000 0.000000 0.000000 0.000000 0.000000 0.000000 0.000000 0.000000 0.000000 0.000000 0.000000 0.000000 0.000000 0.000000 
0.000000 0.000000 0.000000 0.000000 0.000000 0.000000 0.000000 0.000000 0.000000 0.000000 0.000000 0.000000 0.000000 0.000000 0.000000 0.000000 0.000000 0.000000 0.000000 0.000000 
0.000000 0.000000 0.000000 0.000000 0.000000 0.000000 0.000000 0.000000 0.000000 0.000000 0.000000 0.000000 0.000000 0.000000 0.000000 0.000000 0.000000 0.000000 0.000000 0.000000 
0.000000 0.000000 0.000000 0.000000 0.000000 0.000000 0.000000 0.000000 0.000000 0.000000 0.000000 0.000000 0.000000 0.000000 0.000000 0.000000 0.000000 0.000000 0.000000 0.000000 
0.000000 0.000000 0.000000 0.000000 0.000000 0.000000 0.000000 0.000000 0.000000 0.000000 0.000000 0.000000 0.000000 0.000000 0.000000 0.000000 0.000000 0.000000 0.000000 0.000000 
0.000000 0.000000 0.000000 0.000000 0.000000 0.000000 0.000000 0.000000 0.000000 0.000000 0.000000 0.000000 0.000000 0.000000 0.000000 0.000000 0.000000 0.000000 0.000000 0.000000 
0.000000 0.000000 0.000000 0.000000 0.000000 0.000000 0.000000 0.000000 0.000000 0.000000 0.000000 0.000000 0.000000 0.000000 0.000000 0.000000 0.000000 0.000000 0.000000 0.000000 
0.000000 0.000000 0.000000 0.000000 0.000000 0.000000 0.000000 0.000000 0.000000 0.000000 0.000000 0.000000 0.000000 0.000000 0.000000 0.000000 0.000000 0.000000 0.000000 0.000000 
0.000000 0.000000 0.000000 0.000000 0.000000 0.000000 0.000000 0.000000 0.000000 0.000000 0.000000 0.000000 0.000000 0.000000 0.000000 0.000000 0.000000 0.000000 0.000000 0.000000 
0.000000 0.000000 0.000000 0.000000 0.000000 0.000000 0.000000 0.000000 0.000000 0.000000 0.000000 0.000000 0.000000 0.000000 0.000000 0.000000 0.000000 0.000000 0.000000 0.000000 
0.000000 0.000000 0.000000 0.000000 0.000000 0.000000 0.000000 0.000000 0.000000 0.000000 0.000000 0.000000 0.000000 0.000000 0.000000 0.000000 0.000000 0.000000 0.000000 0.000000 
0.000000 0.000000 0.000000 0.000000 0.000000 0.000000 0.000000 0.000000 0.000000 0.000000 0.000000 0.000000 0.000000 0.000000 0.000000 0.000000 0.000000 0.000000 0.000000 0.000000 
