-2.565322 -1.632851 -1.635781 -2.401203 -2.401990 -2.290614 -1.531740 -1.456585 -2.378103 -1.852636 
-0.000000 1.658003 0.371269 0.733292 0.660281 0.991223 0.598029 0.738979 1.360168 0.565382 
-0.000000 -0.000000 1.501281 0.455724 0.590005 0.762513 0.437232 0.562696 0.388830 0.391827 
-0.000000 0.000000 0.000000 1.354355 0.423013 0.063528 -0.009871 0.294881 0.471755 -0.142646 
-0.000000 0.000000 0.000000 0.000000 -1.375230 -0.369560 -0.306384 -0.639950 -0.723343 0.102526 
-0.000000 0.000000 0.000000 -0.000000 0.000000 1.239633 0.400905 0.382379 -0.267532 0.718857 
-0.000000 -0.000000 0.000000 -0.000000 -0.000000 0.000000 -1.193326 -0.282119 -0.392581 -0.458021 
-0.000000 0.000000 -0.000000 0.000000 0.000000 -0.000000 0.000000 -1.147171 -0.255257 -0.410073 
-0.000000 0.000000 -0.000000 0.000000 -0.000000 -0.000000 -0.000000 0.000000 -0.745811 0.168634 
-0.000000 0.000000 0.000000 0.000000 -0.000000 0.000000 -0.000000 -0.000000 -0.000000 1.157896 
-0.000000 0.000000 0.000000 0.000000 0.000000 0.000000 0.000000 0.000000 -0.000000 0.000000 
-0.000000 0.000000 -0.000000 -0.000000 0.000000 0.000000 -0.000000 -0.000000 -0.000000 -0.000000 
-0.000000 0.000000 -0.000000 0.000000 0.000000 -0.000000 -0.000000 -0.000000 -0.000000 -0.000000 
-0.000000 -0.000000 0.000000 -0.000000 -0.000000 0.000000 0.000000 0.000000 0.000000 0.000000 
-0.000000 -0.000000 0.000000 0.000000 0.000000 -0.000000 0.000000 0.000000 -0.000000 -0.000000 
-0.000000 -0.000000 0.000000 -0.000000 -0.000000 0.000000 0.000000 -0.000000 0.000000 0.000000 
-0.000000 0.000000 0.000000 -0.000000 -0.000000 -0.000000 0.000000 -0.000000 -0.000000 -0.000000 
-0.000000 -0.000000 -0.000000 0.000000 0.000000 -0.000000 0.000000 -0.000000 0.000000 0.000000 
-0.000000 -0.000000 0.000000 0.000000 0.000000 -0.000000 -0.000000 0.000000 -0.000000 0.000000 
-0.000000 0.000000 0.000000 -0.000000 0.000000 0.000000 0.000000 -0.000000 -0.000000 -0.000000 
