0.710720
0.937909
0.634068
0.598865
0.034652
0.371823
0.154603
0.958174
0.819657
0.036418
0.645954
0.346043
0.894293
0.197870
0.303325
0.598716
0.066043
0.702292
0.465543
0.374295

-0.515673
-0.085688
0.048769
0.758464
0.376909
-0.015168
0.034991
0.105623
0.949638
0.260183
0.093058
0.066041
0.001908
0.036615
-0.306014
0.484293
-0.041974
-0.141226
0.640025

-0.397875
0.041558
0.060906
0.048142
0.087157
-0.511806
-0.303692
0.312953
0.299633
-0.151722
-0.310289
0.230392
0.783007
0.588517
0.124924
-0.240900
0.576901
0.003109

-0.106524
-0.123103
0.404033
0.657168
-0.023340
-0.024222
-0.614155
-0.025420
0.047738
-0.247518
0.526917
-0.382856
0.176233
0.384119
-0.005701
-0.407216
0.038385

0.409285
-0.179599
0.521153
-0.482102
0.164512
0.236313
-0.020093
0.597702
-0.012159
0.515265
0.229499
0.034220
0.000731
-0.371238
-0.442153
-0.306758

-0.082174
-0.175158
-0.128614
0.228391
-0.252540
-0.591150
-0.051199
-0.095334
0.513240
0.164223
-0.604058
0.375006
0.078954
0.428810
-0.139995

0.387250
0.258784
-0.559416
-0.168632
0.090595
-0.126429
-0.301889
0.187693
0.230087
0.221630
0.397401
0.638697
0.173049
-0.131483

0.120068
-0.092042
0.195992
0.121032
-0.013561
0.010873
-0.066431
0.334128
0.264919
0.223853
-0.002730
0.992183
-0.137727

0.374906
-0.018843
-0.101101
-0.201330
-0.196651
0.378566
-0.134423
0.034950
-0.057149
0.027496
-0.273447
-0.290688

-0.051555
0.336157
0.838886
0.317090
-0.497081
0.176122
-0.054168
0.284940
0.142939
-0.119289
-0.154578

