0.341851
0.658188
0.885313
0.694447
0.187880
0.734913
0.969422
0.415350
0.884315
0.903247
0.564933
0.601929
0.396121
0.263573
0.244499
0.513376
0.170229
0.765983
0.698438
0.684181

-0.648325
-0.073466
0.273728
0.591576
-0.119745
0.029450
0.227213
-0.317563
-0.887798
0.433462
-0.280975
0.521609
-0.185480
0.057338
-0.091565
0.826621
-0.159530
-0.604330
-0.149305

-0.474092
0.365076
0.528965
-0.118336
-0.775328
0.139032
-0.603589
-0.112539
0.127452
0.510485
0.217196
0.061996
-0.086284
0.463097
-0.039612
0.019673
-0.150318
0.395850

-0.241384
-0.214803
-0.548571
0.443228
-0.435863
0.094274
0.079288
-0.255682
-0.006866
-0.444652
-0.164483
0.071437
-0.320374
0.046445
-0.114779
-0.145086
0.014069

-0.111692
-0.337424
0.143145
-0.148650
-0.367175
-0.300105
0.383912
0.071035
-0.281724
0.605618
0.625676
0.384754
0.864284
-0.432203
0.030726
-0.162520

-0.116789
-0.243621
0.254989
0.921799
0.287835
-0.161858
0.231690
-0.227120
0.252473
0.155358
0.105513
0.289295
-0.227534
0.170247
0.201785

-0.511787
0.336003
-0.449829
-0.494329
-0.074556
-0.086815
0.130818
0.236991
-0.218133
0.320616
0.007218
-0.462043
0.225955
-0.323537

-0.037068
-0.119448
-0.125230
0.056841
0.130319
-0.528311
-0.300535
0.469874
-0.143244
-0.104343
0.016507
-0.238760
0.190256

0.055223
0.194296
0.094508
-0.475805
0.470495
0.711767
-0.039256
-0.304174
0.241635
0.058300
-0.380140
0.133219

-0.187172
0.069308
0.235532
0.086075
-0.041577
0.047857
0.279679
-0.266374
0.364097
0.421824
0.150540

